20
20 1
0 0 0 0 0 0 0 0 0 0 0 0 0 0 0 0 0 0 0 2 
18 10
4 14 24 35 2 11 36 45 29 20 28 44 27 47 19 46 32 23 
18 10
11 32 46 13 48 39 45 2 0 6 10 41 48 34 46 0 39 47 
19 8
17 34 41 7 30 23 25 28 17 46 48 16 41 48 48 35 41 15 32 
20 4
39 5 32 21 9 29 28 32 35 5 22 0 38 21 23 7 23 39 17 13 
20 1
1 1 1 1 1 1 1 1 1 1 1 1 1 1 1 1 1 1 1 1
18 17
9 27 48 38 12 10 4 39 17 19 22 4 1 24 22 20 19 18 
19 3
43 38 44 43 4 16 1 3 43 37 46 8 45 4 48 19 0 9 4 
19 4
3 22 50 29 18 42 36 32 3 44 32 44 19 42 7 50 12 19 36 
20 1
0 0 0 0 0 0 0 0 0 0 0 0 0 0 0 0 0 0 0 0 
17 14
15 2 48 50 34 36 9 47 27 2 38 6 39 49 43 5 17 
10 11
1 2 3 4 5 6 7 8 9 10 
19 10
47 31 22 5 0 49 10 29 38 22 40 0 24 46 1 23 19 2 36 
20 2
18 36 19 6 47 3 33 2 11 27 25 48 42 38 38 36 44 27 14 8 
19 19
23 39 19 25 43 8 35 49 21 38 15 25 21 14 21 23 39 27 34 
20 1
50 50 50 50 50 50 50 50 50 50 50 50 50 50 50 50 50 50 50 50 
19 14
0 47 1 5 31 21 35 44 6 16 50 41 10 1 30 26 28 45 31 
18 10
0 1 2 24 21 47 27 46 44 19 17 11 18 0 5 30 1 41 
19 15
19 21 19 35 48 25 5 45 2 31 40 46 16 13 16 36 4 10 24 
19 20
29 1 14 31 2 43 30 38 27 9 16 33 49 34 29 37 41 29 10 
