20
5 4
0 0 0 0 0
1 2 0 1 0
1 1 0 0 0
1 1 0 0 0
0 0 0 0 0
0 0 0 0 0
1000000 1000000
779706507 127228413 432241190 590050086 381005249
1 1 0 0 0
781423 41766 57495812 32708620 803046278
257837 999058 948956822 172010995 356851834
851916796 13667531 614669079 302205061 927323532
929908049 26628041 428786183 192857828 194486670
100 100
1 2 3 4 5
1 2 3 4 5
1 2 3 4 5
1 2 3 4 5
1 2 3 4 5
1 2 3 4 5
951812 1000000
991114835 790646864 58474515 33662438 242032392
3 3 227412205 205307371 967962993
91215 898823 423598582 393606934 860551758
303709 167007 408922808 55550796 564410536
155844943 740438566 889486246 90674385 298941373
214706847 37206272 453285943 281662186 20302021
1000000 1000000
970786397 341359929 949142379 637628672 961847235
1 1 534825141 195100842 752495293
878066 917394 380687037 95375099 858967487
156093 834792 710462732 755089209 952606605
242589480 464779043 154544656 136019767 240291524
797978896 834371688 876626059 827557409 585964564
995972 1000000
258110255 674837370 32379629 795260416 732845053
2 3 671018016 662752528 515579501
509567 124442 693820150 700585821 741427436
597461 50403 103490940 415472330 883076777
169122906 637949447 683467575 640238001 79289359
43657336 314820944 164564404 362138490 337730204
1000000 1000000
414634909 134631971 630058958 945776391 221119216
2 1 816139394 677434056 699758290
571287 160246 659667022 299442334 576196904
790171 926105 511688437 308641649 576978010
890894193 400293697 31671052 493244530 881176706
308808922 10096029 374895698 327173767 713524766
1000000 1000000
805273195 752336497 719038359 705342035 991979073
4 1 199814372 506385478 508946521
268781 458684 570868762 925143704 942908159
29697 436696 846251889 602893019 154571668
2227979 355046740 238035469 403022570 346773504
875531565 735670486 547546048 383782710 981277035
978271 1000000
226744006 85509634 246555229 781267572 119641840
2 4 189523708 486862687 739221622
187781 42889 347205243 676427283 904134974
316870 847116 851691717 720559989 443185554
134598585 331435163 237993199 414161963 855766251
257274975 127107139 463111280 437767226 722833946
950894 1000000
411115112 21864773 24308272 153635895 329530497
1 4 249604197 968868098 52384766
69745 511884 398981842 858022470 862688171
37392 586624 946786510 201866942 246463894
758627324 858077743 948351676 80024662 886765699
539350532 956548329 629678852 119599772 373583822
909199 1000000
544884025 452281650 381575596 785160109 101955801
3 4 407098366 896673500 143275571
457837 833177 592316979 388557565 917758424
719808 512290 998230074 368907101 571061975
881715050 561636634 5116700 70111697 414073622
630357511 323389790 704741608 567149626 856471526
5 4
1 2 0 1 1
1 2 0 1 0
1 1 0 0 0
5 5 0 1 4
1 2 0 1 1
1 2 0 1 1
927729 1000000
93566848 839386631 684671047 145276203 428441436
4 4 228334201 208255548 971796387
360778 600978 185089055 988015232 549166818
916917 724567 797430074 831676684 924460551
52399770 424311 176396773 622748789 256872180
973340043 521377427 567529131 321432530 961510958
930635 1000000
204475362 915346136 406646565 511312109 42625873
4 4 816311596 603109620 502430332
353456 285057 726523403 87417413 108299141
685296 491520 770475713 522210757 354653583
998663351 491848178 361509895 584697951 536074841
925618831 455002126 511395219 605770603 197376351
956924 1000000
51095441 313289659 649465539 456130649 408963609
1 1 0 0 0
875096 739647 714120467 723295325 890447386
946507 209436 666348554 246289261 708778870
94345202 674834966 867744145 623205541 521338656
46868145 452266203 639075371 585235859 603182518
1000000 1000000
351715876 130260779 84707478 301298928 638210684
2 3 583026414 673535733 798688800
588094 281834 977660697 437451197 455992094
160242 292809 706825193 85539797 32848495
831389089 26411601 863281338 804019010 823206843
538382415 134045053 168553642 540952518 12107532
1000000 1000000
498739731 652692370 92527142 630164333 827173323
2 4 221918154 795993158 180611016
549639 16189 736966428 726669695 128464987
659171 682863 366424360 498854407 678356061
264933094 396421372 190528368 762333171 761062165
203628859 562735104 901455387 380159989 865421384
981942 1000000
880262385 899988856 22926508 844898017 539626975
1 1 0 0 0
466641 853837 225786893 928040413 135544844
843329 337437 144083999 640923619 231146075
565873250 7371509 679047578 855894921 575886706
400820209 465073844 609122071 153000443 439831093
925565 1000000
999634032 861003955 513546481 521237312 943530114
3 2 587549108 254669319 410341994
296583 115299 358057007 215828512 151028118
827400 197949 874089382 275065558 841945545
998476881 795178982 873237394 963719694 994132394
227930782 797537136 719627120 703446249 607298756
943366 1000000
793511166 170861770 907590452 906025948 18412458
3 3 457630594 282444998 708887325
368066 747579 765170049 791426000 36004587
151483 671742 242860270 680758825 687586642
222732704 28762040 438005562 394298416 85948438
5749047 109892402 378784511 804914502 587959393
